活动	1905	6.614709844115209	3.627864201441141	0.29608938547486036
报名	879	7.118941072723508	3.7089618336321792	0.23628048780487804
北京	777	5.906890595608519	2.3725987511385926	0.1383399209486166
工作	708	7.800899899920305	3.1753419184641647	0.30072756669361356
可以	679	6.189824558880018	3.581862203835948	0.15015015015015015
自己	669	7.622051819456376	4.327777437930047	0.40782122905027934
校友	524	5.7279204545632	2.644589890890219	0.2922077922077922
喜欢	517	8.661778097771986	2.9108114574030073	0.29285714285714287
朋友	517	7.0	3.257082517115081	0.18032786885245902
单身	510	6.988684686772166	3.9656203446456484	0.3761814744801512
我们	498	5.554588851677638	3.3854467738583685	0.6072607260726073
大家	464	5.643856189774724	4.114179777054455	0.39510204081632655
时间	427	7.247927513443586	2.970322079878331	0.23989569752281617
一起	414	5.0	4.407778306718059	0.4951644100580271
女生	389	5.614709844115208	2.870837368842019	0.3293269230769231
征友	371	5.554588851677638	2.7032323868374726	0.38513513513513514
毕业	364	8.049848549450562	2.937978352458024	0.42105263157894735
微信	362	5.426264754702098	2.8882280296263985	0.30180806675938804
大学	361	4.807354922057604	3.2360820056960535	0.39199097574732095
生活	359	4.459431618637297	3.8706886803580867	0.2325721153846154
参加	356	7.98299357469431	3.502693942144591	0.1506849315068493
要求	342	6.965784284662088	2.2959854624287686	0.27596439169139464
联系	339	8.312882955284357	2.9625288415736386	0.3775
照片	314	8.826548487290916	2.64018232757165	0.3167420814479638
交友	302	5.321928094887363	3.043767217334066	0.3927958833619211
王道	293	8.24317398347295	2.22975148301727	0.5336048879837068
其他	275	7.6582114827517955	2.765813318964122	0.19101123595505617
名校	267	5.20945336562895	2.1474413884162704	0.2281795511221945
学历	264	6.475733430966398	2.4248747227022793	0.15905245346869712
已经	245	7.768184324776926	3.4761489848468012	0.1647940074906367
介绍	226	9.7262181593322	2.66313730924378	0.1588785046728972
同学	226	5.643856189774724	3.370182441872759	0.39199097574732095
靠谱	224	10.01262453886506	2.840525855985177	0.4696969696969697
支付	221	9.453270634010623	2.1987959403850414	0.37349397590361444
或者	217	7.330916878114618	4.486302179090355	0.696969696969697
情况	208	7.971543553950772	2.5130883457382254	0.22237762237762237
嘉宾	207	10.360847084179666	2.5850307565633925	0.40217391304347827
非常	206	8.689997971419446	3.486740643337406	0.30451127819548873
找到	200	6.22881869049588	4.335938918919046	0.5859375
觉得	199	7.794415866350106	3.9591616640085583	0.12631578947368421
推荐	191	10.049848549450562	3.647526319977584	0.4634146341463415
通过	186	6.6865005271832185	2.948752369465976	0.34354194407456723
小伙伴	180	7.912889336229962	2.4175355028673056	0.38596491228070173
组织	178	10.124121311829187	3.7832330476818514	0.2795275590551181
家庭	177	7.8826430493618425	2.77402846752067	0.20816326530612245
感情	177	6.339850002884625	2.6804965202954087	0.3023952095808383
学校	167	4.459431618637297	2.249732430740704	0.15905245346869712
一下	166	3.1699250014423126	3.7940843762443093	0.3574173712528824
信息	166	6.169925001442312	2.450930086096868	0.2698191933240612
本科	166	6.9188632372745955	2.8263750201587214	0.27531645569620256
成功	164	8.62935662007961	2.1948584276785015	0.2884231536926148
简单	160	7.426264754702098	2.174321436305367	0.27123287671232876
举办	158	9.840777923595054	2.1199007015133344	0.413953488372093
男女	157	5.285402218862249	2.549532765197847	0.31077348066298344
短信	155	6.189824558880018	2.600528657229659	0.30180806675938804
有人	153	1.0	2.981877440347108	0.3775235531628533
条件	151	8.400879436282185	2.770500075914797	0.15384615384615385
一些	147	4.807354922057604	5.053014777905294	0.5045592705167173
一直	146	4.807354922057604	3.2745271248128134	0.17307692307692307
免费	146	8.294620748891626	2.049405841892212	0.4921875
认识	146	8.625708843064466	3.3088942941968	0.48366013071895425
优质	144	7.906890595608519	2.3210116683297617	0.47678018575851394
可能	143	4.754887502163469	3.6002308638880547	0.44128553770086526
人员	141	4.0	2.3359688377805767	0.2040302267002519
以及	141	5.321928094887363	3.5448772990043818	0.4576271186440678
基本	141	6.882643049361842	2.687434015360905	0.2634338138925295
优惠	139	8.640244936222347	2.1100367267995823	0.4044943820224719
公司	139	8.7714894695006	3.1983717175263418	0.382183908045977
附近	139	8.79766152585376	3.3358597387585487	0.26570048309178745
知道	137	6.426264754702098	2.4489812921682463	0.25276752767527677
硕士	137	9.243173983472952	2.44085271559698	0.43137254901960786
开始	135	8.72451385311995	3.1752593917403904	0.40707964601769914
经历	132	6.6582114827517955	2.1984937453856896	0.32460732984293195
提供	131	8.960001932068081	2.6457238393891327	0.18548387096774194
一次	129	4.0	3.3905352458145903	0.5045592705167173
提前	129	6.6582114827517955	2.762065271423616	0.2777777777777778
一定	126	3.4594316186372978	3.3619398344897995	0.41294642857142855
幸福	126	10.428360172704291	2.287057662623509	0.324
电影	124	8.592457037268082	2.1212046036045944	0.3548387096774194
爱情	121	5.247927513443585	2.5631962557198977	0.3706293706293706
真诚	121	6.977279923499917	2.674267776634584	0.34
恋爱	119	7.357552004618085	2.8918331629843177	0.27586206896551724
未来	118	6.266786540694902	2.1992697628692834	0.5197044334975369
楼主	118	7.924812503605781	2.089820023312111	0.1704697986577181
需要	116	6.22881869049588	3.521684903028317	0.2558139534883721
感觉	115	7.303780748177103	2.6150000642855953	0.3023952095808383
自由	115	6.10852445677817	2.0319846850846517	0.3609467455621302
看到	114	4.754887502163469	3.7210786936821654	0.4536082474226804
进行	114	6.209453365628951	3.812148567532141	0.38388625592417064
你们	113	4.459431618637297	3.5828460858720272	0.47058823529411764
企业	112	6.357552004618085	2.3939370959102493	0.4294770206022187
网站	111	4.321928094887363	2.0998646789823083	0.20593931568754034
闺蜜	109	9.917372079476841	3.3275767625983526	0.16279069767441862
善良	108	9.17492568250068	2.4356578890338034	0.23837209302325582
学生	107	3.1699250014423126	2.4646866935024443	0.15905245346869712
结婚	104	8.233619676759702	2.196509568854337	0.2916666666666667
遇到	102	6.523561956057013	3.8608174662622976	0.3626373626373626
一点	101	2.807354922057604	3.0248235754300006	0.5045592705167173
世界	101	9.91139198784346	2.1692319482270834	0.27101200686106347
姑娘	101	11.279610581052484	2.326951599490904	0.44680851063829785
峡谷	101	10.144658242831882	2.3694861415762487	0.11538461538461539
父母	99	10.726218159332198	2.2309788364051504	0.29347826086956524
各种	98	8.214319120800766	2.928693330752414	0.5197368421052632
咨询	98	11.401946123976538	2.6258244093101553	0.3695652173913043
女朋友	98	5.554588851677638	2.3789405349187507	0.3798342541436464
户外	98	7.679480099505446	2.9498130851462996	0.10774410774410774
特别	97	8.339850002884624	3.4043742133257533	0.29357798165137616
方面	95	5.584962500721157	2.397527163642411	0.19878603945371776
现场	95	6.247927513443586	2.01131132358557	0.4809688581314879
应该	93	9.698704666770345	3.163325445349507	0.3064516129032258
所有	93	3.700439718141092	3.2167736176699377	0.1426648721399731
以下	92	3.700439718141092	2.136356252287	0.3574173712528824
打算	92	8.357552004618084	2.3706823887644655	0.3875968992248062
责任	92	9.453270634010623	2.2682420924844244	0.22535211267605634
真实	91	6.066089190457772	2.429926525543704	0.2691511387163561
手机	90	8.17492568250068	2.3851980112249382	0.2800387596899225
期待	90	7.781359713524661	2.3847865378172246	0.1276595744680851
认真	90	6.672425341971495	2.5722801877632953	0.2611111111111111
各位	89	7.330916878114618	3.0332797058718715	0.7251461988304093
领队	89	8.199672344836364	2.689585451779376	0.4271356783919598
专业	88	6.820178962415189	3.4823054054437206	0.4294770206022187
高校	88	4.459431618637297	2.4404096153762835	0.538961038961039
会员	87	5.459431618637297	2.4335842159375938	0.15158730158730158
室友	86	5.807354922057605	2.8034931855505087	0.11666666666666667
能够	86	7.467605550082998	3.108876387526458	0.166383701188455
之前	85	5.491853096329675	3.2824018206662346	0.12534511319712865
发现	85	4.08746284125034	3.4765021303520145	0.23875432525951557
如此	85	6.169925001442312	2.4797115432700934	0.2985781990521327
诚征	84	5.906890595608519	2.619568211202269	0.33783783783783783
阳光	84	9.758223214726724	3.323175940354544	0.18613138686131386
帖子	83	6.475733430966398	2.104259542101259	0.1111111111111111
姐姐	82	8.491853096329676	2.241886647932923	0.14864864864864866
工作人员	82	7.906890595608519	2.3365365025117706	0.30072756669361356
研究生	82	6.768184324776926	2.46739261866916	0.3293269230769231
一年	81	2.584962500721156	3.464738473605345	0.3983353151010702
出来	80	4.0	2.0409704305330236	0.3371886120996441
地铁	80	8.011227255423254	2.762459907258708	0.206266318537859
任何	79	9.154818109052105	3.482389816994758	0.25
努力	79	9.991521846075695	3.5259889908887074	0.36363636363636365
异性	79	8.011227255423254	2.9883279185942975	0.42272727272727273
游戏	79	8.948367231584678	2.2063115785933944	0.32558139534883723
诚意	79	6.409390936137703	3.072651060789194	0.38
学习	78	6.149747119504682	2.733278167210338	0.15905245346869712
房子	78	5.954196310386876	2.412984527289046	0.28450106157112526
选择	78	9.4241662888181	2.8614742252061554	0.27419354838709675
寻找	77	7.906890595608519	3.346470980472337	0.2578125
约会	76	6.523561956057013	2.520534638997243	0.24
一切	75	5.459431618637297	2.473312006305542	0.24186046511627907
有点	75	2.807354922057604	3.310344369992001	0.3775235531628533
温柔	75	9.813781191217037	3.0730991056702153	0.16470588235294117
遇见	75	7.6147098441152075	3.101507446506269	0.35208711433756806
更多	74	5.807354922057605	2.7648373322668593	0.22626788036410922
他们	73	4.954196310386876	2.8587367891037383	0.4852459016393443
休闲	73	10.658211482751796	3.148843695416312	0.20930232558139536
女孩	73	6.870364719583405	2.4441523712066093	0.3798342541436464
感谢	73	6.321928094887362	2.18785059189291	0.2830188679245283
有缘	73	2.807354922057604	2.175950084635917	0.3775235531628533
相关	73	5.930737337562887	2.5805217928276036	0.2545454545454545
关注	72	7.4346282276367255	2.3273602140050462	0.22488038277511962
周末	72	9.134426320220927	2.294012834374965	0.44715447154471544
考虑	72	10.312882955284357	3.52498457972809	0.3772455089820359
主要	70	4.523561956057013	2.91894097438342	0.2890625
方便	70	6.459431618637298	2.458072040942203	0.19878603945371776
机会	70	5.807354922057605	2.5172950247090076	0.11833333333333333
让我	70	4.807354922057604	2.2138801593076027	0.19581958195819582
别人	69	3.1699250014423126	3.6688871651237243	0.43425076452599387
互联网	68	8.63662462054365	3.37536776188394	0.6513879922530665
一段	67	4.906890595608519	3.6269372799717727	0.5045592705167173
作为	67	4.08746284125034	2.937444628677161	0.16359447004608296
新人	67	2.807354922057604	2.4932741775623044	0.4420654911838791
有时	67	2.0	2.4598312331761845	0.30638852672750977
发帖	66	5.129283016944966	2.0242519306889046	0.3728675873273761
我邮	66	1.5849625007211563	2.4801266682661094	0.15384615384615385
积极	66	10.912140856295721	2.564702722550251	0.224
健身	64	6.78135971352466	2.6955538133205805	0.3761814744801512
本次活动	64	6.857980995127572	2.4799206741780058	0.3393194706994329
看看	64	4.392317422778761	3.371631589186723	0.3634020618556701
邮件	64	4.08746284125034	2.5271945385531547	0.5555555555555556
偶尔	63	11.387478865842379	2.705364264204238	0.3870967741935484
只有	63	3.5849625007211565	2.7862532473506976	0.1426648721399731
继续	63	11.346513733165635	3.119516431161697	0.3269230769230769
全部	62	8.51175265376738	2.2422877662952714	0.5553822152886115
愿意	62	7.118941072723508	3.349335374303371	0.10526315789473684
普通	62	8.810571634741148	2.5951713179256157	0.33022636484687085
景区	62	6.357552004618085	2.5924866520460825	0.1919191919191919
起来	62	3.3219280948873626	3.0065368345455292	0.23404255319148937
哥们	61	6.672425341971495	2.2513800339643595	0.22916666666666666
彼此	61	9.521600439723727	3.7421371691219147	0.2985781990521327
错过	61	6.6582114827517955	2.7794870444987976	0.23076923076923078
直接	60	7.044394119358453	3.475000545637935	0.2195845697329377
缘分	60	5.321928094887363	2.0337756156114946	0.14432989690721648
羽毛球	60	10.043027283594549	2.1256051990169436	0.37662337662337664
自然	60	4.523561956057013	3.398685433895893	0.48210526315789476
音乐	60	9.355351096424812	2.2580402536887982	0.29554655870445345
技术	59	10.98655314975666	3.362841515456783	0.24504950495049505
给大家	59	6.700439718141092	2.042906513739338	0.3263157894736842
美丽	59	8.573647187493323	2.1041511762231435	0.4523809523809524
浪漫	58	10.533329732305834	2.483349545046969	0.14545454545454545
优秀	57	8.103287808412023	2.5488597317712336	0.532967032967033
内容	57	6.6865005271832185	2.620787196159126	0.40522875816993464
身体	57	5.044394119358453	2.193920794676036	0.22495274102079396
风景	57	8.060695931687555	2.5932464067503	0.273431448489543
孩子	56	6.523561956057013	2.0907355196356807	0.13432835820895522
年轻	56	6.754887502163469	2.362083553062785	0.14855072463768115
汉子	56	7.098032082960527	2.286618146008851	0.4630541871921182
一张	55	4.584962500721157	3.5016492047018564	0.20365535248041775
决定	55	7.845490050944376	3.1925967579171375	0.32972972972972975
分享	55	7.813781191217037	2.5813597135246598	0.3
加入	55	5.7279204545632	2.5162672476702386	0.3798319327731092
发送	55	6.22881869049588	2.7339879353674146	0.33663366336633666
工科	55	5.700439718141093	3.221128006013142	0.27531645569620256
给我	55	3.8073549220576037	3.2835949801162534	0.19581958195819582
一位	54	2.584962500721156	3.775850068077948	0.5045592705167173
准备	54	9.445014845868423	2.717850465126432	0.29714285714285715
篮球	54	9.9901039638575	2.7731396266222417	0.4482758620689655
美女	54	4.643856189774724	3.3275698960147952	0.31077348066298344
金融	54	10.361943773735241	3.1183660555614146	0.21739130434782608
保证	53	6.965784284662088	2.652570390779852	0.47230320699708456
城市	53	8.554588851677638	2.583644509942368	0.23766816143497757
活泼	53	6.930737337562887	2.127578598611338	0.21428571428571427
婚姻	52	9.60733031374961	2.5946439866569113	0.2
成熟	52	7.7073591320808825	2.2743551014251118	0.2884231536926148
摄影	52	9.287712379549449	2.743749541241643	0.3548387096774194
收到	52	5.129283016944966	2.722009034618255	0.4472361809045226
滑雪	52	10.46862404291802	2.521324685649633	0.32857142857142857
适合	52	6.375039431346925	2.315824333525708	0.23076923076923078
快乐	51	8.076815597050832	2.5359232758848482	0.375
接受	51	7.6147098441152075	3.0408286229191748	0.25925925925925924
独立	51	9.100662339005199	2.3700515659769588	0.3052109181141439
真心	51	4.459431618637297	2.0551015849746626	0.3501989766913019
主题	50	4.584962500721157	3.4402948796802164	0.36644295302013424
共同	50	7.348728154231078	3.235490674142513	0.15828402366863906
想找	50	4.906890595608519	2.009283707681224	0.2578125
支持	50	8.262094845370179	2.2913464332493887	0.265625
男人	50	1.0	2.606021438519912	0.4420654911838791
人群	49	2.807354922057604	2.601941417473569	0.2040302267002519
可爱	49	3.3219280948873626	2.673572847749089	0.27586206896551724
心理	49	5.129283016944966	2.813219461382884	0.23479249573621375
来征	49	2.584962500721156	2.233767495675251	0.1834975369458128
能力	49	5.554588851677638	2.7473062379736817	0.166383701188455
一天	48	1.5849625007211563	2.989840915358424	0.2392638036809816
圈子	48	6.930737337562887	2.1587671715770247	0.18181818181818182
踏实	48	8.375039431346924	2.9987340530666224	0.2691511387163561
享受	47	9.095397022792557	2.1432064447806884	0.25925925925925924
以为	46	2.584962500721156	2.82311852649712	0.3125
童鞋	46	11.250298417906333	2.379954612195862	0.29545454545454547
行业	46	3.5849625007211565	2.326634781579586	0.19273301737756715
项目	46	8.16490692667569	2.6329897783650154	0.23030303030303031
国家	45	4.857980995127573	2.694294200046182	0.33554449972360423
幽默	45	11.041659151637216	2.2389205950315945	0.17721518987341772
想要	45	3.5849625007211565	3.0425109238906742	0.27298850574712646
社会	45	6.614709844115209	2.2833650394760387	0.438953488372093
负责	45	9.933690654952235	2.674867083875489	0.29577464788732394
互相	44	5.754887502163469	3.07321449635281	0.10723860589812333
应征	44	5.857980995127572	2.4374697965047556	0.33783783783783783
有些	44	3.4594316186372978	3.0933521729550137	0.3775235531628533
永远	44	10.251482410620213	2.0229153034496714	0.35693215339233036
注意	44	6.189824558880018	2.7312702546075767	0.42105263157894735
热情	44	5.832890014164742	2.005758769309593	0.3706293706293706
经常	44	5.357552004618084	2.466112409119004	0.30451127819548873
详细	44	9.54882190845875	3.135234743489789	0.15121951219512195
交通	43	4.643856189774724	2.1519859751795116	0.33022636484687085
青年	43	6.754887502163469	2.3799030481784365	0.3983353151010702
一般	42	5.523561956057013	3.0305686275427917	0.5045592705167173
只能	42	4.754887502163469	3.2053794161631406	0.4465195246179966
欣赏	42	11.686062749895413	2.335604028530817	0.32558139534883723
满足	42	9.52552080909507	2.0136970856882592	0.358974358974359
要有	42	1.0	2.638559259763978	0.1426648721399731
身边	42	6.169925001442312	2.892470913718822	0.22495274102079396
高端	42	6.321928094887362	3.537786103447077	0.5228758169934641
一种	41	3.0	2.1328829150651964	0.5045592705167173
体验	41	7.10852445677817	2.3308104254871544	0.19518377693282637
我觉得	41	4.247927513443585	2.392945296773336	0.4714086471408647
老师	41	7.523561956057013	2.7695643068127054	0.56797583081571
自行	41	2.807354922057604	2.3056728431870006	0.38388625592417064
阅读	41	9.481799431665753	2.678325020403675	0.35502958579881655
靠谱男	41	5.7279204545632	2.382068217530952	0.1623931623931624
下午	40	6.129283016944967	2.1548083147257318	0.26133743274404303
为我	40	1.5849625007211563	2.81497982051648	0.19581958195819582
历史	40	8.459431618637296	2.3279535932767677	0.42408376963350786
及时	40	4.0	2.55355542441424	0.15254237288135594
徒步	40	10.172427508645484	2.745049326586652	0.27380952380952384
雪域	40	10.049848549450562	2.8470892603744256	0.3821428571428571
携带	39	8.939579214314692	2.170491380693143	0.4444444444444444
稳重	39	7.7615512324444795	2.052161071570758	0.20148148148148148
一定要	38	5.882643049361842	2.1401273885917926	0.2890625
文艺	38	7.238404739325079	3.1227988949655994	0.28205128205128205
给你	38	4.392317422778761	4.017535737070863	0.3263157894736842
至少	38	8.113742166049189	2.663800621380755	0.29276315789473684
读书	38	8.31741261376487	2.246898565619697	0.3431952662721893
乐观	37	7.734709620225839	2.4373337702157456	0.1982142857142857
优先	37	6.820178962415189	2.0402288842215683	0.15568862275449102
可以一起	37	5.247927513443585	2.4440408459028706	0.44128553770086526
同事	37	4.643856189774724	2.4798978688582083	0.4296619411123228
团队	37	7.800899899920305	3.283551177353778	0.25
图片	37	7.467605550082998	2.071712696862244	0.24705882352941178
成为	37	3.700439718141092	3.382007653732703	0.2884231536926148
期间	37	5.08746284125034	3.2828530273818073	0.1276595744680851
看着	37	4.584962500721157	3.7224385005301968	0.4536082474226804
管理	37	8.154818109052105	3.2453713531138932	0.21681997371879105
结束	37	9.625708843064466	2.4513938420564076	0.2079207920792079
重点	37	5.0	2.0731851226745905	0.47555555555555556
高中	37	3.4594316186372978	2.5212095282633196	0.1840607210626186
填写	36	10.656424863277781	2.0867707408723835	0.35051546391752575
安全	36	7.515699838284044	2.2539448552779087	0.15912636505460218
完全	36	8.05528243550119	3.031928142810977	0.15912636505460218
成员	36	5.169925001442312	2.257081026103867	0.2884231536926148
精神	36	6.857980995127572	2.343579421367842	0.24127465857359637
计划	36	9.967226258835993	3.281036112553422	0.2828125
分析	35	9.030667136246942	2.4483603334653297	0.4128878281622912
如何	35	6.266786540694902	2.9118647176753427	0.25
必须	35	9.643856189774725	2.573125581013778	0.40437158469945356
无限	35	6.6865005271832185	2.428445159431229	0.17490494296577946
产品	34	9.027905996569885	2.7114980248323737	0.16944444444444445
想到	34	3.1699250014423126	2.4275051383754205	0.27298850574712646
一句	33	4.857980995127573	2.0136003825634052	0.5045592705167173
为大家	33	4.08746284125034	2.8256280299986467	0.21710526315789475
交换	33	6.965784284662088	2.753015593899025	0.21171171171171171
加微信	33	5.20945336562895	2.8561214100080115	0.30180806675938804
十渡	33	9.612868497291041	2.1826195163964157	0.3483386923901393
同意	33	4.169925001442312	3.060032196468635	0.4423076923076923
地址	33	6.965784284662088	2.2521269571420306	0.2077922077922078
大型	33	4.700439718141093	2.7892948532490425	0.5306267806267806
并且	33	7.7414669864011465	2.303831637608537	0.3448275862068966
有兴趣	33	4.584962500721157	2.2362641041948645	0.3775235531628533
生活中	33	4.643856189774724	2.067464850317424	0.1840607210626186
肯定	33	8.721099188707186	2.3939241115526477	0.41294642857142855
跟我	33	4.169925001442312	2.9463549260288437	0.19581958195819582
进入	33	5.807354922057605	2.8820230152284156	0.3798319327731092
那些	33	5.807354922057605	2.538011611618207	0.6984126984126984
为你	32	2.321928094887362	2.4565647234069226	0.21710526315789475
介绍一下	32	7.960001932068081	2.381548439318099	0.1588785046728972
传统	32	9.216745858195306	3.1556390622295662	0.38926174496644295
帮助	32	8.554588851677638	3.191428031846024	0.3076923076923077
开心	32	4.08746284125034	2.3871987351738495	0.3501989766913019
感受	32	6.321928094887362	2.3527930388928713	0.25925925925925924
里有	32	2.321928094887362	3.5848683589017414	0.10247747747747747
一条	31	2.807354922057604	2.8969563906830897	0.5
友征	31	1.5849625007211563	2.530800621855002	0.12558139534883722
回家	31	3.0	2.6481683006689467	0.39510204081632655
大四	31	4.247927513443585	2.3394011482590806	0.14285714285714285
有房	31	3.0	2.2502401851287654	0.3775235531628533
私信	31	4.643856189774724	2.71465044054105	0.30180806675938804
表示	31	7.693486957499325	3.574489860929875	0.24883720930232558
女神	30	4.954196310386876	2.3697861309933614	0.24127465857359637
校园	30	5.523561956057013	2.625605199016944	0.2922077922077922
每天	30	5.392317422778761	2.886778631137593	0.2392638036809816
清楚	30	8.076815597050832	2.156487652528489	0.2336448598130841
莫晓	30	11.805340828416385	2.0832031704275815	0.2604166666666667
为自己	29	3.3219280948873626	2.6075973768917087	0.21710526315789475
人一起	29	1.5849625007211563	2.2854513767093727	0.2040302267002519
宿舍	29	10.597121428789569	3.1488940017021516	0.26666666666666666
尊重	29	9.26912667914942	2.690373966231101	0.20148148148148148
照顾	29	7.734709620225839	2.8730319327366343	0.3167420814479638
追求	29	7.994353436858858	2.5821189261620554	0.27596439169139464
十分	28	6.10852445677817	3.4780948881692604	0.2064439140811456
同行	28	3.1699250014423126	2.5781307870000845	0.38388625592417064
告诉	28	10.277287400130357	2.2460921788336394	0.19834710743801653
承担	28	10.826548487290914	2.8499036610871133	0.25925925925925924
接触	28	9.082149041353873	2.3461903012274874	0.12087912087912088
时光	28	5.08746284125034	2.15586364336406	0.23989569752281617
最美	28	4.247927513443585	2.0355820479705753	0.23731138545953362
查看	28	6.189824558880018	2.756429137585441	0.296875
爬山	28	8.219168520462162	2.15586364336406	0.3741496598639456
突然	28	8.060695931687555	2.3033144242556496	0.48210526315789476
能有	28	1.0	2.921332232515685	0.1426648721399731
获得	28	7.189824558880018	2.6725535823855564	0.4186046511627907
主动	27	2.321928094887362	3.2174884279291383	0.3393194706994329
以前	27	2.584962500721156	2.510318652751329	0.2777777777777778
体贴	27	7.139551352398794	2.750972082317758	0.19518377693282637
开发	27	2.584962500721156	3.0315791683493654	0.26157595450852966
慢慢	27	10.092757140919852	2.362170504603181	0.3218390804597701
教育	27	9.60177078840771	2.6485628575976596	0.37714285714285717
早日	27	7.876516946565	2.0972133988213417	0.3086913086913087
次卧	27	7.7414669864011465	2.58713472390492	0.12322274881516587
漂亮	27	10.578372691360805	2.561580800353335	0.5319148936170213
电子	27	4.392317422778761	2.4415497332161737	0.5041551246537396
一份	26	2.807354922057604	3.8542858719872455	0.5045592705167173
创业	26	5.459431618637297	2.213092238792742	0.4294770206022187
勇气	26	9.216745858195306	2.0960029177460533	0.3037974683544304
外向	26	5.491853096329675	2.3426332216485366	0.44931506849315067
大概	26	6.426264754702098	2.2926182206746395	0.16279069767441862
天下	26	3.0	2.359256433399675	0.3574173712528824
小时	26	2.321928094887362	2.592978659699892	0.30638852672750977
年纪	26	8.05528243550119	2.238901256602631	0.17122473246135553
心里	26	3.9068905956085187	2.265710144725459	0.23479249573621375
拥有	26	6.022367813028454	3.0829878794868506	0.1426648721399731
文化	26	6.78135971352466	2.4464643745207932	0.331496062992126
曾经	26	7.08746284125034	2.8919954870390203	0.1647940074906367
最大	26	2.0	2.233556430163491	0.12215099715099716
有想	26	1.0	2.027867860400486	0.3775235531628533
湖南	26	8.169925001442312	2.326772148515284	0.16835699797160245
真诚征	26	5.954196310386876	2.282724185910413	0.33783783783783783
解决	26	7.857980995127572	2.5664418929347836	0.2756756756756757
诚心	26	4.247927513443585	2.407536205057972	0.3501989766913019
轻松	26	9.405141463136344	2.2498490715922075	0.31788079470198677
邂逅	26	13.456739424684267	2.3596472628334895	0.25
奶茶	25	10.550746785383243	2.36307418942857	0.32954545454545453
情感	25	3.4594316186372978	2.482292189082415	0.22237762237762237
懂得	25	6.807354922057604	2.3517374334224663	0.25806451612903225
成长	25	4.169925001442312	2.4490255736436506	0.2884231536926148
文字	25	6.643856189774725	2.3413152774012365	0.331496062992126
来看	25	1.5849625007211563	3.1590795706241743	0.1834975369458128
此次活动	25	6.857980995127572	2.4711197773146973	0.3393194706994329
留下	25	5.459431618637297	2.84902557364365	0.3574173712528824
科学	25	3.700439718141092	2.2396275363413567	0.3639240506329114
聪明	25	9.430452551665532	2.4796275363413565	0.3693570451436389
一件	24	1.0	2.2806721295208874	0.5045592705167173
发邮件	24	5.584962500721157	2.3012693629222505	0.3728675873273761
媒体	24	9.05528243550119	2.615748962019488	0.2631578947368421
小区	24	2.584962500721156	2.7008257945180887	0.7027388109552438
得到	24	2.807354922057604	3.1174924611847556	0.1506276150627615
气质	24	6.285402218862249	2.096822633626531	0.22148394241417496
看见	24	4.0	2.7091479170272454	0.35208711433756806
经过	24	3.1699250014423126	2.4972243200613984	0.3712121212121212
给自己	24	4.857980995127573	2.4364823836654392	0.3263157894736842
让你	24	4.321928094887363	2.225412897259045	0.3359375
陪伴	24	8.400879436282185	2.3305576533947314	0.38596491228070173
集合	24	7.098032082960527	2.3852130207431887	0.23076923076923078
你想	23	2.321928094887362	2.6416396727898706	0.41379310344827586
坚持	23	9.86573327085176	2.566190216550323	0.265625
帮我	23	3.1699250014423126	3.3061706517091873	0.19581958195819582
成功率	23	8.804131021183318	2.403088045919319	0.2884231536926148
我自己	23	1.5849625007211563	2.785554632098879	0.40782122905027934
男孩	23	5.426264754702098	2.230994305917858	0.43283582089552236
确实	23	6.10852445677817	2.258096028412048	0.2691511387163561
认为	23	3.9068905956085187	2.5726591124362805	0.3125
谈恋爱	23	8.339850002884624	2.347312051491349	0.27586206896551724
超级	23	9.044394119358454	2.8725111538380093	0.5749318801089919
长期	23	4.523561956057013	2.820898501329615	0.3618421052631579
从事	22	5.491853096329675	3.1746742319786416	0.4296619411123228
博士	22	7.294620748891627	2.3843641434371508	0.5246636771300448
四年	22	5.321928094887363	2.913977073182751	0.3983353151010702
天气	22	4.857980995127573	2.7767248000621207	0.36809815950920244
形成	22	6.491853096329675	2.09098996700847	0.18911917098445596
无法	22	6.129283016944967	2.196957186327418	0.4642431466030989
正常	22	5.614709844115208	2.181899057917561	0.30451127819548873
等待	22	5.426264754702098	2.634933187391041	0.38492063492063494
考核	22	8.076815597050832	2.5949066182439395	0.20606060606060606
聚餐	22	9.791162888555018	2.954003642329854	0.4222222222222222
请发	22	2.0	2.2444745298554536	0.26157595450852966
一只	21	1.5849625007211563	2.5802341939687476	0.16379310344827586
一场	21	1.0	3.3320953986601696	0.5045592705167173
介绍下	21	4.584962500721157	2.393547496538899	0.1588785046728972
保持	21	7.499845887083206	3.4399364703978077	0.265625
多少	21	4.954196310386876	3.200910279509528	0.29276315789473684
尝试	21	10.517669388133813	2.320423374953668	0.3168604651162791
带你	21	3.700439718141092	2.488785591776994	0.22391857506361323
携手	21	8.005624549193879	3.041625614369223	0.3178294573643411
更加	21	4.392317422778761	2.6420846845805	0.1506849315068493
有时间	21	2.0	2.320423374953668	0.3775235531628533
有爱	21	1.0	2.0113650418263798	0.27586206896551724
生命	21	5.807354922057605	2.257606878811597	0.2325721153846154
男票	21	6.044394119358453	2.00633093059618	0.594017094017094
知识	21	5.169925001442312	2.462349565017769	0.25276752767527677
网友	21	1.5849625007211563	2.4623495650177696	0.20593931568754034
网络	21	8.326429487122303	2.3897580034925574	0.1830065359477124
设计	21	9.189824558880018	3.136863709607318	0.1586998087954111
资料	21	10.0	3.1775662320965243	0.21641791044776118
进来	21	2.807354922057604	2.1623687835735015	0.44
随时	21	5.044394119358453	2.480938113854112	0.30638852672750977
两年	20	4.247927513443585	2.6577174691301484	0.3983353151010702
加我	20	1.0	2.2577174691301485	0.19581958195819582
文学	20	2.0	2.721928094887362	0.331496062992126
精英	20	7.86418614465428	2.4219280948873623	0.17365269461077845
聊聊	20	7.794415866350106	2.2567796494470396	0.35135135135135137
能看	20	2.584962500721156	2.521127473337187	0.166383701188455
让自己	20	5.247927513443585	2.9464393446710155	0.3359375
软件	20	8.599912842187129	2.5261207468426807	0.4280442804428044
适当	20	5.807354922057605	2.0609640474436812	0.25806451612903225
通信	20	1.5849625007211563	2.1814963295286756	0.30180806675938804
丁克	19	11.846665681899738	2.641120933813017	0.3404255319148936
三年	19	4.247927513443585	2.4995443056081323	0.3983353151010702
互联网公司	19	9.197216693110052	2.3973349103525243	0.6908212560386473
值得	19	5.672425341971496	2.5358577759182803	0.10606060606060606
发表	19	3.4594316186372978	2.8603207778330444	0.3728675873273761
周围	19	7.607330313749611	2.53585777591828	0.30526315789473685
周边	19	6.39231742277876	2.139835523706203	0.49321266968325794
娱乐	19	9.918863237274595	2.746384091707754	0.375
密云	19	8.936637939002571	2.0387607528626863	0.27927927927927926
工作或	19	3.3219280948873626	2.7528553052032336	0.19696969696969696
帮忙	19	7.483815777264256	3.215841172683754	0.45
广大	19	3.700439718141092	2.8000446184790104	0.12215099715099716
把我	19	3.3219280948873626	2.641120933813017	0.19581958195819582
注明	19	5.754887502163469	2.655050539417775	0.3693570451436389
珍惜	19	12.312315746690107	2.24509868160094	0.5217391304347826
相当	19	4.321928094887363	2.4995443056081323	0.25806451612903225
聚会	19	5.754887502163469	2.394281147713395	0.5202702702702703
视频	19	10.868822554775	2.523986065961298	0.22981366459627328
语言	19	8.751544059089097	2.2890179898186584	0.1752212389380531
里面	19	4.392317422778761	2.4584538292330596	0.10247747747747747
银行	19	6.857980995127572	2.8258459340407507	0.38388625592417064
众多	18	4.754887502163469	2.473851389610045	0.22626788036410922
体育	18	7.8392037880969445	2.3627402784989338	0.19518377693282637
依然	18	7.714245517666122	2.8855130303998817	0.48210526315789476
做出	18	4.247927513443585	2.055827901163964	0.35498220640569395
半年	18	4.954196310386876	2.2096909728231857	0.3983353151010702
哥们征	18	6.426264754702098	2.0713451397302376	0.22916666666666666
学会	18	1.0	2.0985798617120746	0.15905245346869712
寻觅	18	10.125413470483316	2.2516291673878226	0.15
我已经	18	2.584962500721156	2.055827901163964	0.1647940074906367
担心	18	6.0	2.320802083934297	0.3501989766913019
提出	18	3.9068905956085187	2.140518056276712	0.35498220640569395
穿着	18	6.149747119504682	2.66329080817766	0.5370370370370371
统计	18	8.535275376620802	2.5996659733039564	0.16720257234726688
走过	18	4.321928094887363	2.614369445886757	0.3712121212121212
越来越	18	10.703903573444665	2.814015448299718	0.2631578947368421
一点点	17	5.754887502163469	2.5341468438052397	0.5045592705167173
一片	17	1.0	3.1751231351134614	0.5045592705167173
人气	17	1.5849625007211563	2.0132790219068077	0.2040302267002519
代表	17	6.768184324776926	2.8138461086383852	0.24565217391304348
你可以	17	2.0	2.133387491316597	0.15015015015015015
你要	17	1.0	2.133387491316597	0.2890625
即将	17	6.988684686772166	3.1692486956952335	0.4169278996865204
受到	17	4.321928094887363	2.603975726610715	0.4444444444444444
吸引	17	11.202123823830462	2.5810134015775863	0.12796208530805686
国际	17	8.071462362556625	2.205109900073869	0.22488038277511962
大多	17	1.0	2.291620193427939	0.22626788036410922
学霸	17	6.285402218862249	2.6601297526332575	0.15905245346869712
小铺	17	7.467605550082998	2.4404040177209283	0.30666666666666664
带着	17	5.044394119358453	3.1692486956952335	0.22391857506361323
意外	17	3.8073549220576037	2.4419235206010987	0.15432098765432098
把自己	17	5.392317422778761	2.5580510765444577	0.37423312883435583
景观	17	6.882643049361842	2.1739731346044096	0.1919191919191919
男士	17	3.8073549220576037	2.5810134015775863	0.594017094017094
留京	17	4.954196310386876	2.5424826938097276	0.1383399209486166
自身	17	1.0	3.2195282822995477	0.3761814744801512
艺术	17	8.954196310386877	3.1751231351134614	0.2564102564102564
衣服	17	8.86418614465428	2.133387491316597	0.20316622691292877
要找	17	2.584962500721156	2.609850166028943	0.2578125
见过	17	3.3219280948873626	2.777776811456787	0.2776769509981851
觉得我	17	2.807354922057604	2.469240782172285	0.12631578947368421
赶紧	17	11.373952655370193	2.0157404324930677	0.3486238532110092
人民	16	3.1699250014423126	2.349601752714581	0.2040302267002519
令人	16	4.754887502163469	2.875	0.23655913978494625
休息	16	7.599912842187128	2.2334585933443494	0.47619047619047616
几乎	16	9.095397022792557	2.646782221599798	0.4605263157894737
又有	16	2.321928094887362	2.9056390622295662	0.1426648721399731
变成	16	6.39231742277876	3.0243974703476995	0.26646706586826346
可以加	16	3.1699250014423126	2.521782221599798	0.1506849315068493
完成	16	5.614709844115208	2.5	0.26646706586826346
寝室	16	10.527477006060396	3.0243974703476995	0.4358974358974359
心中	16	2.0	2.375	0.1840607210626186
心地	16	2.321928094887362	2.7272170014624826	0.23479249573621375
数据	16	7.74819284958946	2.0461796919474975	0.3353658536585366
有关	16	1.0	2.202819531114783	0.2545454545454545
正式	16	4.643856189774724	2.6084585933443494	0.5096525096525096
相亲	16	5.459431618637297	2.521782221599798	0.3150684931506849
离开	16	6.10852445677817	2.771782221599798	0.2206060606060606
要看	16	1.5849625007211563	2.0	0.36328125
一颗	15	5.554588851677638	2.4662478973127313	0.391304347826087
主卧	15	6.554588851677638	2.0049355947431313	0.3409090909090909
你会	15	1.0	2.1735572622751858	0.47058823529411764
保留	15	7.129283016944966	2.33012496531497	0.21608040201005024
小伙伴一起	15	5.857980995127572	2.332914563979398	0.4951644100580271
小学	15	1.0	2.555913095175825	0.39199097574732095
山水	15	4.169925001442312	2.7395722619867224	0.26141885325558795
有木有	15	5.426264754702098	2.0049355947431313	0.1426648721399731
有机会	15	4.169925001442312	2.463458298648303	0.3775235531628533
申请	15	8.43879185257826	3.0565647621309537	0.2217573221757322
电视	15	6.9188632372745955	2.358938532350277	0.30625
补充	15	10.83051520697684	2.013132465170739	0.11428571428571428
让人	15	1.5849625007211563	2.555913095175825	0.3359375
超市	15	8.214319120800766	2.2256051990169436	0.31048387096774194
随意	15	5.491853096329675	2.3301249653149703	0.44753086419753085
云南	14	6.700439718141092	2.1179631753145163	0.16835699797160245
做过	14	3.1699250014423126	2.403677461028802	0.3712121212121212
公司做	14	6.149747119504682	2.556656707462823	0.2918287937743191
分别	14	4.459431618637297	2.692380602454975	0.29357798165137616
双方	14	5.285402218862249	2.5566567074628237	0.3338391502276176
学长	14	2.0	2.7534343861887853	0.15905245346869712
实际	14	7.129283016944966	2.1179631753145163	0.22488038277511962
寂寞	14	13.877092375027415	2.2608203181716595	0.4
帮你	14	3.5849625007211565	2.1280852788913944	0.35294117647058826
总结	14	6.339850002884625	2.1179631753145163	0.20165745856353592
放松	14	8.88874324889826	2.0202442071537563	0.31788079470198677
月底	14	8.022367813028454	2.1179631753145163	0.22794117647058823
有所	14	1.0	2.5495234595978324	0.2982791586998088
桃花	14	8.980139577639157	2.495602923729013	0.33986928104575165
水平	14	4.584962500721157	2.359879028736861	0.317157712305026
湖北	14	3.3219280948873626	2.005977711423774	0.12648221343873517
熟人	14	2.584962500721156	2.2608203181716595	0.41237113402061853
能遇到	14	5.247927513443585	2.610577243331642	0.166383701188455
觉得自己	14	4.906890595608519	2.556656707462823	0.12631578947368421
论文	14	1.5849625007211563	2.359879028736861	0.1622222222222222
设备	14	8.603626344986191	2.406666316740689	0.1586998087954111
请你	14	2.0	2.128085278891394	0.35294117647058826
问我	14	2.0	3.2359263506290334	0.19581958195819582
一块	13	4.857980995127573	2.1887870678023824	0.5045592705167173
一定会	13	4.523561956057013	2.3158243335257076	0.5045592705167173
一起来	13	2.0	2.315824333525708	0.5045592705167173
再次	13	5.08746284125034	2.6235166412180155	0.5687203791469194
参加过	13	3.3219280948873626	2.1416195253341384	0.3712121212121212
变得	13	5.857980995127572	2.103909910282364	0.4520884520884521
吐槽	13	13.295481973695368	2.1887870678023824	0.3902439024390244
告诉我	13	5.426264754702098	2.1887870678023824	0.19581958195819582
带来	13	2.321928094887362	2.6535442970305687	0.22391857506361323
教室	13	6.672425341971495	2.345851989338261	0.3861111111111111
数学	13	3.0	2.045841640885174	0.39199097574732095
早日找到	13	7.800899899920305	2.5073801024236353	0.6475409836065574
智商	13	9.204571144249204	2.4416298737872246	0.27218934911242604
有特	13	2.0	2.0349409139562287	0.34576271186440677
流水	13	4.321928094887363	2.192005835492107	0.31862068965517243
牵手	13	8.59618975614441	2.7773627950641697	0.3178294573643411
生态	13	4.321928094887363	2.71929452566698	0.2325721153846154
相似	13	6.10852445677817	2.1416195253341384	0.23376623376623376
结伴	13	5.20945336562895	2.7773627950641693	0.3756906077348066
蓝色	13	8.829722735086058	2.199687794731328	0.5190839694656488
许多	13	5.129283016944966	2.0349409139562287	0.22626788036410922
资深	13	7.467605550082998	2.4416298737872246	0.18
过多	13	1.5849625007211563	2.7773627950641693	0.22626788036410922
进群	13	4.857980995127573	2.1887870678023824	0.3805668016194332
那里	13	3.700439718141092	3.085055102756477	0.5675675675675675
随便	13	7.076815597050832	2.5073801024236357	0.2916666666666667
面前	13	3.3219280948873626	2.5073801024236357	0.1875
鼓起勇气	13	10.101975670949232	2.0349409139562287	0.3353658536585366
一起看	12	3.1699250014423126	2.688721875540867	0.3634020618556701
两位	12	4.0	2.5220552088742005	0.6699029126213593
允许	12	11.375582512490507	2.221251836004466	0.3018867924528302
出门	12	4.700439718141093	2.292481250360578	0.3371886120996441
到底	12	4.954196310386876	2.125814583693911	0.12474437627811862
到过	12	1.0	2.4508257945180882	0.12474437627811862
前来	12	1.0	3.0849625007211556	0.4691358024691358
古城	12	5.882643049361842	2.292481250360578	0.43107769423558895
师姐	12	5.554588851677638	2.3553885422075336	0.13429752066115702
想起	12	2.321928094887362	2.584962500721156	0.27298850574712646
投资	12	9.625708843064466	2.1258145836939115	0.20708955223880596
提高	12	2.807354922057604	2.221251836004466	0.12227805695142378
数字	12	7.0	2.4508257945180882	0.41254125412541254
无数	12	4.754887502163469	2.292481250360578	0.4240924092409241
相伴	12	3.9068905956085187	2.054585169337799	0.3646112600536193
稍微	12	7.643856189774724	3.0220552088742	0.27896995708154504
系列	12	7.199672344836364	2.355388542207534	0.16
被人	12	1.0	3.2516291673878226	0.4420654911838791
足够	12	7.857980995127572	2.7516291673878226	0.2
东南	11	5.643856189774724	3.027169118440619	0.16835699797160245
会给	11	2.584962500721156	3.0271691184406193	0.15158730158730158
八月	11	7.139551352398794	2.0403733936884962	0.4025735294117647
公子	11	2.321928094887362	2.2221915755066783	0.382183908045977
关心	11	2.807354922057604	2.2221915755066783	0.2767676767676768
兼职	11	9.972979786066292	2.2221915755066783	0.2795275590551181
到处	11	3.4594316186372978	2.4040097573248604	0.12474437627811862
大龄	11	3.0	2.2221915755066783	0.5306267806267806
天天	11	2.0	2.4040097573248604	0.2392638036809816
学术	11	4.169925001442312	2.0494520727893946	0.15905245346869712
宝地	11	4.247927513443585	2.3685225277282065	0.27017543859649124
家长	11	2.0	2.0494520727893946	0.20816326530612245
导致	11	9.485829308701904	2.368522527728207	0.2823529411764706
得起	11	2.321928094887362	2.0494520727893946	0.1506276150627615
忘记	11	8.63662462054365	2.0494520727893946	0.2905405405405405
慎重	11	7.321928094887362	2.413088436425758	0.20148148148148148
房东	11	5.129283016944966	2.2998963911678914	0.14688427299703263
打开	11	4.0	2.845350936622437	0.2206060606060606
抱着	11	6.930737337562887	3.0271691184406193	0.5833333333333334
指导	11	9.52943055414615	2.5503407095463886	0.23137254901960785
搜索	11	11.938844457466173	2.368522527728207	0.39195979899497485
显得	11	7.076815597050832	2.4040097573248604	0.4714086471408647
浪费	11	5.20945336562895	2.663532754804255	0.23756906077348067
看得	11	2.0	2.5503407095463886	0.4536082474226804
策划	11	10.987264012072538	2.1180782093497093	0.14965986394557823
系统	11	6.149747119504682	2.7321588913645707	0.16
经营	11	5.857980995127572	2.5503407095463886	0.31560283687943264
给我发	11	4.643856189774724	2.0494520727893946	0.26157595450852966
而又	11	5.491853096329675	3.0271691184406193	0.175
能给	11	3.0	2.2221915755066783	0.166383701188455
能让	11	3.700439718141092	2.0494520727893946	0.166383701188455
自驾	11	6.78135971352466	2.1180782093497097	0.32051282051282054
见到	11	2.321928094887362	2.5503407095463886	0.2776769509981851
认识一下	11	7.044394119358453	2.0494520727893946	0.3574173712528824
邀请	11	8.060695931687555	2.663532754804255	0.2217573221757322
领域	11	7.209453365628949	2.845350936622437	0.4271356783919598
一套	10	4.0	2.4464393446710155	0.5045592705167173
会被	10	3.0	2.6464393446710153	0.10606060606060606
似乎	10	9.829722735086058	2.5219280948873624	0.2987012987012987
保护	10	8.396604781181859	2.8464393446710154	0.2869198312236287
制作	10	4.857980995127573	2.0464393446710156	0.1927710843373494
动手	10	1.5849625007211563	2.1709505944546685	0.15500945179584122
只会	10	2.321928094887362	2.6464393446710157	0.5761904761904761
叫我	10	4.247927513443585	2.4464393446710155	0.19581958195819582
可能会	10	3.9068905956085187	2.3219280948873626	0.44128553770086526
回帖	10	3.8073549220576037	2.121928094887362	0.46405228758169936
回族	10	6.459431618637298	2.121928094887362	0.46405228758169936
多多	10	1.5849625007211563	2.1609640474436813	0.22626788036410922
大学本科	10	5.584962500721157	2.6464393446710153	0.27531645569620256
定位	10	3.0	2.1219280948873624	0.20982142857142858
尽快	10	7.08746284125034	2.7219280948873625	0.26556016597510373
工科男	10	5.7279204545632	2.321928094887362	0.1623931623931624
年内	10	1.5849625007211563	2.6464393446710157	0.17122473246135553
征集	10	5.169925001442312	2.0464393446710156	0.38513513513513514
心想	10	1.5849625007211563	2.3219280948873626	0.23479249573621375
想把	10	4.392317422778761	2.3709505944546687	0.27298850574712646
意识	10	3.9068905956085187	2.2464393446710154	0.15432098765432098
我们可以	10	3.0	2.5219280948873624	0.15015015015015015
找房子	10	5.954196310386876	2.0464393446710156	0.5859375
按照	10	5.930737337562887	2.1609640474436813	0.4841628959276018
改变	10	5.357552004618084	2.1219280948873624	0.28746928746928746
教练	10	7.988684686772166	2.321928094887362	0.3861111111111111
未能	10	3.700439718141092	2.5219280948873624	0.4465195246179966
碰到	10	6.475733430966398	2.6464393446710153	0.6578947368421053
站内联系	10	3.3219280948873626	2.121928094887362	0.10614525139664804
等到	10	1.5849625007211563	2.321928094887362	0.38492063492063494
给她	10	4.08746284125034	3.1219280948873624	0.3263157894736842
自己做	10	3.3219280948873626	2.1609640474436813	0.2918287937743191
表现	10	4.392317422778761	2.1609640474436813	0.23875432525951557
让大家	10	4.754887502163469	2.9219280948873623	0.3359375
问你	10	2.807354922057604	2.321928094887362	0.23809523809523808
三次	9	3.700439718141092	2.058813890331201	0.5687203791469194
三环	9	5.614709844115208	2.113283334294875	0.26811594202898553
中意	9	1.5849625007211563	2.058813890331201	0.44753086419753085
五年	9	4.08746284125034	2.2810361125534233	0.3983353151010702
会看	9	1.0	2.058813890331201	0.15158730158730158
便宜	9	7.599912842187128	2.058813890331201	0.4583333333333333
到北京	9	1.0	2.6416041678685933	0.12474437627811862
加我微信	9	6.569855608330948	2.058813890331201	0.30180806675938804
十多	9	3.5849625007211565	2.197159723424149	0.22626788036410922
南门	9	5.807354922057605	2.0588138903312014	0.4746450304259635
回到	9	1.0	2.6416041678685933	0.46405228758169936
回忆	9	6.768184324776926	2.2810361125534233	0.2903225806451613
大多数	9	6.768184324776926	2.0588138903312014	0.4240924092409241
快快	9	6.0	2.5032583347756456	0.33121019108280253
打电话	9	6.375039431346925	2.4193819456463714	0.6006944444444444
扫码	9	7.870364719583405	2.4193819456463714	0.5054945054945055
找你	9	1.5849625007211563	2.113283334294875	0.35294117647058826
收拾	9	9.665335917185176	2.6416041678685933	0.17307692307692307
时代	9	3.3219280948873626	2.058813890331201	0.23989569752281617
有意愿	9	5.882643049361842	2.2810361125534233	0.3775235531628533
来一起	9	1.5849625007211563	2.5032583347756456	0.1834975369458128
来找	9	1.0	2.4193819456463714	0.1834975369458128
民族	9	9.665335917185176	2.113283334294875	0.30428360413589367
深度	9	6.357552004618085	2.2810361125534233	0.5775
瀑布	9	9.087462841250339	2.058813890331201	0.36674816625916873
白色	9	5.321928094887363	2.4193819456463714	0.5529753265602322
直接加	9	5.930737337562887	2.4193819456463714	0.1506849315068493
知春路	9	8.988684686772165	2.197159723424149	0.25276752767527677
自己心	9	2.0	2.058813890331201	0.3501989766913019
自己想	9	2.0	2.058813890331201	0.41379310344827586
觉得有	9	1.5849625007211563	2.197159723424149	0.12631578947368421
过他	9	1.5849625007211563	2.2810361125534233	0.30757575757575756
那天	9	2.584962500721156	2.4193819456463714	0.2392638036809816
门口	9	5.169925001442312	2.2810361125534233	0.15536374845869297
顶贴	9	8.2667865406949	2.197159723424149	0.43478260869565216
一代	8	1.0	2.5	0.2673913043478261
一把	8	1.0	2.75	0.39263803680981596
一起做	8	3.700439718141092	2.1556390622295662	0.2918287937743191
一起回	8	2.584962500721156	2.1556390622295662	0.29411764705882354
一阵	8	5.044394119358453	2.0	0.5045592705167173
中间	8	1.5849625007211563	2.75	0.5441176470588235
会想	8	1.0	2.1556390622295662	0.15158730158730158
依旧	8	11.294620748891628	2.0	0.27325581395348836
借此	8	6.700439718141092	2.0	0.2985781990521327
做做	8	3.700439718141092	2.1556390622295662	0.2918287937743191
做到	8	2.0	2.4056390622295662	0.4357976653696498
入职	8	5.491853096329675	2.4056390622295662	0.23529411764705882
医院	8	6.357552004618085	2.0	0.4166666666666667
回答	8	6.08746284125034	2.1556390622295662	0.3448275862068966
帮他	8	3.9068905956085187	2.5	0.3704918032786885
情商	8	4.0	2.1556390622295662	0.22237762237762237
我邮论坛	8	4.459431618637297	2.25	0.6072607260726073
把你	8	3.1699250014423126	2.4056390622295662	0.35294117647058826
攻略	8	10.570804437724497	2.0	0.4772727272727273
早已	8	5.554588851677638	2.4056390622295662	0.3717948717948718
时常	8	2.0	2.4056390622295662	0.23989569752281617
格斗	8	6.475733430966398	2.1556390622295662	0.2394678492239468
注意到	8	5.321928094887363	2.0	0.42105263157894735
游玩	8	4.247927513443585	2.0	0.2518518518518518
生存	8	4.643856189774724	2.1556390622295662	0.2325721153846154
看起来	8	5.321928094887363	2.0	0.4536082474226804
纯洁	8	9.908392620773752	2.0	0.41237113402061853
给他	8	3.1699250014423126	2.75	0.3263157894736842
置顶	8	9.96434086779242	2.0	0.20253164556962025
能做	8	2.321928094887362	2.4056390622295662	0.166383701188455
能否	8	5.129283016944966	2.0	0.166383701188455
著名	8	5.247927513443585	2.1556390622295662	0.2846153846153846
论坛里	8	1.0	2.0	0.1622222222222222
评价	8	8.848622940429339	2.0	0.42196531791907516
赏花	8	6.832890014164742	2.1556390622295662	0.33986928104575165
轻轻	8	5.857980995127572	2.25	0.14855072463768115
较为	8	2.0	2.5	0.3125
运气	8	5.614709844115208	2.0	0.3579676674364896
那位	8	3.0	2.0	0.7251461988304093
里看	8	2.0	2.0	0.10247747747747747
重新	8	3.8073549220576037	2.1556390622295662	0.15309446254071662
钓鱼	8	12.305491792110683	2.1556390622295662	0.4214123006833713
顺义	8	8.330916878114618	2.0	0.5235602094240838
首付	8	5.954196310386876	2.1556390622295662	0.37349397590361444
中文	7	1.0	2.128085278891395	0.22992125984251968
为他	7	1.0	2.128085278891395	0.21710526315789475
之内	7	1.0	2.128085278891395	0.12534511319712865
全国	7	4.321928094887363	2.2359263506290326	0.1724709784411277
到此	7	2.0	2.128085278891395	0.12474437627811862
到老	7	2.584962500721156	2.128085278891395	0.12474437627811862
厚道	7	5.78135971352466	2.128085278891395	0.37383177570093457
听到	7	3.5849625007211565	2.5216406363433186	0.3249097472924188
喜欢吃	7	4.169925001442312	2.5216406363433186	0.28
回报	7	1.0	2.128085278891395	0.46405228758169936
坦诚	7	8.405141463136344	2.2359263506290326	0.34
培养	7	11.122180901259753	2.128085278891395	0.22916666666666666
定义	7	5.643856189774724	2.128085278891395	0.20982142857142858
已经被	7	4.857980995127573	2.2359263506290326	0.10606060606060606
得出	7	2.0	2.8073549220576046	0.1506276150627615
总会	7	3.3219280948873626	2.128085278891395	0.5761904761904761
我带	7	1.0	2.2359263506290326	0.5190839694656488
把它	7	7.392317422778761	2.2359263506290326	0.37423312883435583
摄影师	7	7.08746284125034	2.128085278891395	0.5950413223140496
明代	7	4.643856189774724	2.128085278891395	0.2673913043478261
有一天	7	3.5849625007211565	2.2359263506290326	0.2392638036809816
极为	7	3.9068905956085187	2.2359263506290326	0.3125
演员	7	6.857980995127572	2.128085278891395	0.4246575342465753
百年	7	4.247927513443585	2.5216406363433186	0.3983353151010702
看他	7	1.5849625007211563	2.5216406363433186	0.3704918032786885
要带	7	2.0	2.128085278891395	0.36328125
见证	7	2.807354922057604	2.128085278891395	0.2776769509981851
见识	7	3.9068905956085187	2.128085278891395	0.2776769509981851
谈谈	7	6.894817763307944	2.2359263506290326	0.2986425339366516
财务	7	8.280770770130603	2.128085278891395	0.34982935153583616
走到	7	2.584962500721156	2.128085278891395	0.37228260869565216
走向	7	4.584962500721157	2.128085278891395	0.37228260869565216
跟他	7	4.08746284125034	2.128085278891395	0.3704918032786885
跟你	7	3.0	2.5216406363433186	0.35294117647058826
过年	7	1.0	2.128085278891395	0.30757575757575756
远离	7	6.965784284662088	2.128085278891395	0.27184466019417475
那边	7	4.754887502163469	2.128085278891395	0.49321266968325794
难以	7	3.3219280948873626	2.128085278891395	0.15015015015015015
风雨	7	6.94251450533924	2.128085278891395	0.273431448489543
一万	6	2.0	2.2516291673878226	0.10256410256410256
一定能	6	3.700439718141092	2.2516291673878226	0.4465195246179966
一朵	6	4.954196310386876	2.2516291673878226	0.48148148148148145
你进	6	1.0	2.2516291673878226	0.255
功能	6	3.1699250014423126	2.2516291673878226	0.20496894409937888
可观	6	2.584962500721156	2.2516291673878226	0.34219269102990035
嫁给	6	7.562242424221073	2.2516291673878226	0.4473684210526316
常常	6	3.3219280948873626	2.2516291673878226	0.30451127819548873
得住	6	3.700439718141092	2.2516291673878226	0.1506276150627615
快要	6	2.584962500721156	2.584962500721156	0.2890625
想做	6	2.321928094887362	2.2516291673878226	0.27298850574712646
感到	6	1.0	2.584962500721156	0.3023952095808383
感觉我	6	2.0	2.2516291673878226	0.19581958195819582
放过	6	3.4594316186372978	2.2516291673878226	0.3712121212121212
明年	6	2.321928094887362	2.2516291673878226	0.3146374829001368
看重	6	2.321928094887362	2.2516291673878226	0.20148148148148148
社团	6	6.700439718141092	2.2516291673878226	0.438953488372093
移动	6	5.426264754702098	2.584962500721156	0.3393194706994329
签约	6	6.894817763307944	2.2516291673878226	0.41
给我们	6	3.1699250014423126	2.584962500721156	0.3263157894736842
考试	6	6.459431618637298	2.2516291673878226	0.3168604651162791
要被	6	2.0	2.584962500721156	0.10606060606060606
规定	6	4.700439718141093	2.2516291673878226	0.26406926406926406
过一段	6	4.643856189774724	2.251629167387823	0.30757575757575756
违反	6	11.053925881531105	2.2516291673878226	0.11873350923482849
高考	6	3.1699250014423126	2.2516291673878226	0.19760479041916168
你做	5	1.0	2.321928094887362	0.2918287937743191
借助	5	7.876516946565	2.321928094887362	0.3076923076923077
内部	5	2.807354922057604	2.321928094887362	0.4128
实行	5	1.0	2.321928094887362	0.38388625592417064
由三界之主	5	8.78135971352466	2.321928094887362	0.1704697986577181
给予	5	8.194756854422248	2.321928094887362	0.3263157894736842
给出	5	2.584962500721156	2.321928094887362	0.3263157894736842
一堆	4	5.129283016944966	2.0	0.4222222222222222
一起吃	4	3.5849625007211565	2.0	0.28
之间有	4	3.4594316186372978	2.0	0.12534511319712865
事件	4	2.0	2.0	0.12649945474372956
二年	4	2.321928094887362	2.0	0.3983353151010702
会一起	4	1.0	2.0	0.15158730158730158
会带	4	1.0	2.0	0.15158730158730158
借此宝地	4	8.24317398347295	2.0	0.4125286478227655
兄妹	4	5.044394119358453	2.0	0.3103448275862069
全校	4	1.5849625007211563	2.0	0.538961038961039
发站内信	4	5.285402218862249	2.0	0.30180806675938804
古典	4	6.754887502163469	2.0	0.43107769423558895
喜欢自己	4	1.5849625007211563	2.0	0.40782122905027934
国内外	4	7.098032082960527	2.0	0.23424657534246576
大多数人	4	4.459431618637297	2.0	0.4420654911838791
宅男	4	5.08746284125034	2.0	0.1623931623931624
师弟师妹	4	8.813781191217037	2.0	0.13429752066115702
带给	4	3.3219280948873626	2.0	0.22391857506361323
忍受	4	8.027905996569885	2.0	0.25925925925925924
打扫	4	5.426264754702098	2.0	0.13186813186813187
打造	4	6.22881869049588	2.0	0.24481327800829875
抬头	4	9.824958740528523	2.0	0.44841269841269843
担任	4	5.672425341971496	2.0	0.4041095890410959
最适合	4	4.857980995127573	2.0	0.23076923076923078
有多少	4	4.0	2.0	0.29276315789473684
未来有	4	1.0	2.0	0.1426648721399731
本部	4	2.321928094887362	2.0	0.34469200524246396
正文	4	2.321928094887362	2.0	0.22992125984251968
照片到	4	1.0	2.0	0.3167420814479638
畅谈	4	7.948367231584678	2.0	0.4751131221719457
百米	4	7.569855608330948	2.0	0.3739495798319328
离我	4	1.5849625007211563	2.0	0.19581958195819582
端庄	4	7.011227255423254	2.0	0.24836601307189543
练习	4	6.672425341971495	2.0	0.2807017543859649
联络	4	6.066089190457772	2.0	0.1830065359477124
若干	4	7.417852514885899	2.0	0.24436090225563908
英雄	4	9.674192268145685	2.0	0.3656716417910448
要把	4	2.0	2.0	0.36328125
要求男	4	1.5849625007211563	2.0	0.1623931623931624
讲解	4	6.569855608330948	2.0	0.27154046997389036
财经	4	5.832890014164742	2.0	0.1647940074906367
